bin	UV_mean_fpkm
0	3725.3972753333333
1	556.958750666667
2	707.983311666667
3	342.8694016666668
4	269.3783573333333
5	127.17929766666668
6	266.0911706666667
7	234.1327556666666
8	834.1300569999996
9	2770.115097333333
10	65.24050599999991
11	111.966948
12	96.3640473333333
13	1925.4005086666696
14	127.9625983333337
15	113.0299970000001
16	1250.5679293333299
17	4979.4404716666595
18	97.37168900000003
19	3688.3993816666703
20	25655.14693766668
21	169.62775366666625
22	10348.058671666673
23	1754.9180790000037
24	621.7276539999992
25	4843.993519666664
26	693.3385513333337
27	2967.0126149999996
28	44.56407699999996
29	217.59894399999996
30	535.3649913333334
31	2448.2716429999996
32	371.71213133333356
33	1085.5951323333334
34	419.9550340000003
35	3201.4370843333368
36	921.306361666667
37	37.988499333333266
38	147.6435263333334
39	806.520722666667
40	1332.7055360000004
41	1674.5912266666671
42	66.8912673333334
43	3357.1460339999967
44	271.7789580000001
45	764.4807370000003
46	5825.663986999999
47	342.51203699999996
48	291.38530166666624
49	200.64323966666672
50	315.970723333333
51	288.95059799999973
52	536.7046973333333
53	448.5898726666664
54	1064.382134
55	461.81477233333334
56	141.70378100000002
57	692.8320786666663
58	983.8246736666665
59	206.635197
60	630.310192333334
61	4345.783671
62	16275.58872233333
63	18363.960453000003
64	1271.9790199999966
65	1391.53758166667
66	359.77785700000004
67	1946.671348666667
68	500.37345966666703
69	5101.401420000001
70	2406.885166999996
71	1296.5034630000002
72	475.283740333334
73	258.0289986666663
74	4187.002571333334
75	388.73224133333304
76	1676.4458399999999
77	441.6096473333336
78	369.57493499999964
79	1066.3461319999997
80	59.54582
81	407.6443323333333
82	660.268106
83	366.60454233333337
84	7415.591813666662
85	6138.920923666673
86	2882.481858
87	3626.369166666673
88	989.040313
89	338.97418766666647
90	807.0768116666662
91	52.3919266666666
92	165.66787999999968
93	133.7591666666667
94	111.61166066666671
95	75.337287
96	292.381602333333
97	337.8297423333331
98	971.49463
99	160.050223
100	705.942829333333
101	367.74701699999997
102	60.976809
103	68.35555033333333
104	63.24260800000004
105	47.61064300000004
106	60.21391466666667
107	42.8247933333334
108	145.64910500000002
109	223.86319933333328
110	3583.1286596666664
111	263.0466616666667
112	693.2611243333337
113	2291.282728999997
114	2257.8670076666635
115	466.07027199999965
116	100.555752
117	514.9643429999998
118	1047.8550306666662
119	247.1830570000003
120	342.05902133333404
121	484.461948666667
122	1036.4628159999997
123	4399.282150333337
124	361.8403323333333
125	762.6028829999997
126	37.75217599999997
127	249.53875233333326
128	696.277182666667
129	663.8589353333336
130	920.8222120000007
131	3545.3256799999967
132	342.696917333333
133	716.8869299999997
134	958.678197
135	296.920393333333
136	708.4481779999996
137	771.5855443333334
138	327.530352
139	24.3973986666667
140	37.7739593333333
141	1011.5226863333332
142	7852.819518333344
143	5261.020476999996
144	128.967717666667
145	144.9384923333333
146	1077.1353736666656
147	148.39647966666664
148	105.91210966666661
149	225.237041
150	108.00525000000007
151	1216.3415586666665
152	436.101249333333
153	545.9825589999996
154	2044.1539776666666
155	1672.2327233333338
156	159.3525826666666
157	237.338688
158	667.5946416666658
159	799.9616296666667
160	425.85143199999936
161	739.3595053333333
162	4596.646471666671
163	467.63919366666624
164	89.5757596666667
165	501.025113333333
166	437.214646333333
167	4947.78863133333
168	279.27442166666697
169	257.1853626666663
170	85.41389500000002
171	650.9295216666673
172	439.47627966666704
173	206.01088
174	3346.0851143333302
175	3046.2583706666696
176	100.20795566666668
177	909.628556
178	149.5637076666667
179	6910.4162860000015
180	1204.4630883333334
181	417.7638323333333
182	17617.756784333335
183	467.0861516666663
184	959.131998666667
185	1850.5870160000036
186	7787.21365433333
187	626.414073
188	165.2899636666667
189	390.550383333333
190	728.098154333333
191	14109.254222999967
192	1200.499764666666
193	1744.995617999999
194	219.99407899999997
195	216.9959133333337
196	50.816348
197	2881.3914166666673
198	327.42412899999994
199	547.454523
200	2002.3752199999994
201	1093.346562666667
202	1433.3680710000006
203	450.38616399999967
204	231.3848373333337
205	1462.2515583333334
206	1647.1600660000033
207	1197.0747906666666
208	150.1633406666666
209	400.107191666666
210	406.7136739999996
211	1298.3133540000033
212	68.55942833333336
213	1715.8273956666671
214	581.3098503333331
215	2937.0404266666706
216	332.66362700000036
217	1000.4441143333337
218	628.8438793333332
219	617.0952990000004
220	352.49465599999957
221	69.50585699999995
222	195.62107566666668
223	490.17199666666636
224	3617.4133326666633
225	293.7660616666666
226	3868.770922666663
227	451.0607863333333
228	694.6424259999993
229	440.42728233333304
230	1533.7370586666668
231	1808.8507883333302
232	334.86930066666685
233	214.72396299999986
234	2412.0966013333336
235	360.07076633333327
236	7400.881022000003
237	544.7643099999998
238	2972.8780863333304
239	375.255577333333
240	224.832155
241	2670.8465756666674
242	118.8642656666666
243	304.16335899999996
244	583.9810319999997
245	324.9017666666674
246	98.30471699999997
247	59.7329703333333
248	218.27220133333333
249	227.9961303333332
250	3893.6542316666637
251	360.11301266666635
252	119.5113586666667
253	8741.646949999997
254	2427.8481509999965
255	556.9837513333335
256	786.2567046666669
257	3169.940222
258	132.3200926666667
259	508.664825666667
260	3011.5739769999996
261	369.08630399999964
262	671.6577446666666
263	16707.192949333366
264	1700.9110366666703
265	200.1798920000003
266	127.2588546666667
267	1343.2362673333341
268	300.7808526666663
269	2292.801915666667
270	1397.9001073333325
271	246.58682033333332
272	3150.1167059999966
273	388.784570333333
274	475.6161283333333
275	466.7549063333338
276	352.83862966666675
277	936.9439910000001
278	380.25370366666664
279	282.303282
280	388.1857580000003
281	656.3067716666677
282	338.409639666667
283	348.2952986666663
284	2921.77005966667
285	518.4930190000007
286	1139.2788193333338
287	142.6028753333334
288	537.4892779999993
289	239.52893633333338
290	394.4606426666663
291	558.7239216666668
292	400.2803366666663
293	19.470674
294	55.863427
295	522.001480999999
296	158.91270966666698
297	3675.1995713333336
298	4529.793848000003
299	2650.4377460000037
300	335.931684
301	352.2563983333334
302	278.8795833333333
303	221.618196
304	233.61741899999998
305	6504.066395333333
306	1065.5843570000006
307	134.33503
308	273.9880596666664
309	297.006711666667
310	162.23081
311	7136.636579999999
312	875.2979413333334
313	348.8665176666663
314	215.84072366666672
315	190.6675656666667
316	286.58642300000037
317	2280.7453536666662
318	264.789182
319	338.2265363333337
320	533.5814736666666
321	1050.3478640000003
322	589.4993896666667
323	488.56647266666596
324	505.98965066666676
325	185.8495336666667
326	1176.68971
327	1081.1064053333337
328	1938.8653259999971
329	2089.23203666667
330	181.39907333333332
331	73.5930446666667
332	196.53539533333338
333	403.30296533333336
334	460.0961563333333
335	5090.174213333327
336	177.4571346666666
337	1786.5934903333336
338	171.99471300000008
339	347.567637333333
340	173.09650833333328
341	111.12272933333334
342	663.1216239999997
343	153.4640383333334
344	1313.7810216666703
345	576.5707356666671
346	2213.52236166667
347	335.2088199999997
348	448.8248859999996
349	67.925009
350	212.1851503333334
351	141.1053973333333
352	180.8972453333333
353	151.82888633333332
354	163.88954533333327
355	768.6074580000001
356	3613.6496816666663
357	150.5187666666666
358	223.786787
359	4446.401057000005
360	367.7879543333334
361	1307.8649049999997
362	1506.1630556666673
363	795.401624666667
364	540.2309183333336
365	1155.7589083333335
366	999.6119579999996
367	1288.703313
368	1084.4872746666658
369	398.69650800000034
370	318.0882883333333
371	338.0570773333336
372	312.3620316666667
373	4035.3446533333345
374	680.5075986666668
375	48.39687333333334
376	547.6029923333328
377	617.9112350000004
378	198.98735433333331
379	221.9196730000001
380	114.9337866666667
381	474.5364100000007
382	677.0748449999995
383	1357.1137809999998
384	396.907485000001
385	694.081283333334
386	1737.5612676666633
387	211.7212879999999
388	158.3624803333333
389	462.02291300000036
390	1008.2328046666672
391	2176.3976883333335
392	4231.871924000003
393	1477.3442986666676
394	177.06521900000007
395	577.1079826666659
396	1121.6918206666635
397	458.29791633333275
398	1957.0112663333339
399	267.1324743333333
400	2175.1266379999997
401	3447.763076999997
402	6096.999298999999
403	1093.4404739999998
404	1455.4172383333366
405	5129.946009666659
406	206.0492100000001
407	456.6019813333334
408	361.27563899999996
409	1030.9394976666667
410	241.8126906666668
411	11524.311836666673
412	13020.667390666671
413	145.8738683333334
414	695.218463
415	546.845952333333
416	716.4792939999998
417	1194.8619533333335
418	531.4196440000003
419	9592.525154666668
420	210.0556403333334
421	1664.006599000003
422	2592.622577
423	9995.312660000003
424	7908.945012666676
425	21152.487487333347
426	6732.728087999998
427	635.792979666667
428	930.3697653333329
429	316.8528946666664
430	4007.123957333336
431	334.39239699999996
432	919.8590493333325
433	214.71422966666677
434	780.3287483333337
435	1260.6541263333345
436	151.18804366666666
437	473.79712866666677
438	313.4875386666663
439	210.445263
440	245.9829683333334
441	1837.7370453333333
442	155.343635
443	1315.6157066666672
444	417.724373666667
445	1735.4361229999997
446	4128.508175666663
447	228.68319633333329
448	556.3883903333336
449	27.863675999999998
450	331.6193606666666
451	2521.30531766667
452	74.275134
453	71.64782466666671
454	1745.2839299999991
455	469.9924063333326
456	177.66695066666665
457	205.94069600000003
458	514.5961946666666
459	170.487762333333
460	268.05839599999996
461	1635.03198466667
462	1133.0509826666662
463	677.7132003333337
464	1250.230640666667
465	954.0447789999997
466	500.74648699999966
467	1452.3194193333334
468	7158.830165000003
469	149.7961993333333
470	633.6125646666667
471	1646.8461813333333
472	6334.337869666664
473	386.3614580000003
474	803.515904666667
475	6093.910417333337
476	353.4420723333333
477	7949.2579753333375
478	277.14874366666703
479	295.58510633333367
480	212.67821
481	4750.4469316666655
482	320.6237693333334
483	1005.398230666667
484	312.8207323333337
485	473.008817333334
486	107.63571633333339
487	3406.0077893333305
488	2006.6332239999963
489	1144.714137333333
490	377.344953333333
491	228.9324713333333
492	983.301774666667
493	121.3534913333333
494	840.8478233333332
495	1006.544789333333
496	338.84737566666655
497	65.80768933333337
498	1643.8965553333364
499	514.161085333333
500	165.6492780000001
501	8841.616504333333
502	463.8858516666663
503	133.2077363333333
504	239.165142
505	6014.56870966667
506	9913.917955333336
507	163.40973133333318
508	387.7839186666667
509	1197.5633323333338
510	789.776248666667
511	317.2488143333337
512	5498.737512999999
513	191.8327316666666
514	404.9088786666667
515	7761.663666000004
516	48.796163
517	174.270806666667
518	259.6145680000001
519	1285.9654803333335
520	1255.6303716666675
521	207.962573
522	184.698252
523	578.1636566666667
524	417.0048710000003
525	3158.2204133333325
526	259.04992266666636
527	172.3977296666667
528	345.08858066666653
529	1292.513377333333
530	752.712581333333
531	803.9143966666661
532	1734.083750333334
533	2485.462891333334
534	2062.7067523333335
535	188.747337
536	309.57727333333344
537	77.3776366666667
538	293.5340313333334
539	668.7194103333333
540	381.3006180000003
541	372.0275346666673
542	353.1320630000004
543	149.8578956666667
544	3034.05176666667
545	493.1671153333336
546	29.809891666666665
547	72.34302533333336
548	114.0396283333333
549	130.46338266666672
550	4.40934
551	56.952421
552	35.794016
553	110.51743266666661
554	104.2899946666667
555	236.2820873333333
556	882.8128406666668
557	723.6368573333341
558	2239.5388120000007
559	308.89867333333336
560	56.09800033333333
561	132.98312433333342
562	405.3568493333333
563	7.68169733333333
564	66.27944966666666
565	46.02721566666667
566	261.11672466666676
567	160.92602399999998
568	188.1666936666667
569	180.8514319999997
570	133.88378300000008
571	446.91843033333373
572	443.175025333333
573	103.9215783333334
574	115.23271666666659
575	64.37873400000004
576	165.8916533333333
577	1890.950038
578	2196.264033
579	293.96361033333375
580	249.176862666667
581	134.449837
582	289.7119259999997
583	106.8884323333333
584	1321.6397893333342
585	86.33329
586	261.199402
587	50.80985566666659
588	1468.7361739999967
589	1894.9214786666632
590	1218.586914333333
591	1224.2762906666635
592	1632.974813
593	212.2722003333334
594	1528.8124623333345
595	3853.146568000003
596	320.32506899999964
597	176.7518793333333
598	531.3222339999998
599	182.4079943333332
600	192.151852333333
601	206.7348159999996
602	1022.3104633333338
603	83.8126846666667
604	707.100488333333
605	449.9785686666667
606	1040.0191939999997
607	84.05798600000003
608	49.198060666666706
609	172.22491900000003
610	148.22484400000002
611	1168.376226333334
612	72.4156253333333
